 -0.00343224   0.00409768  -0.31518406   0.24794108  -0.27386488   0.16411166  -0.42280341   0.60485000  -0.33210291   0.22488996   0.17817677 
 -0.00493335   0.00646591  -0.49011366   0.32526225   0.32037364  -0.31828897  -0.31084698  -0.09360890   0.52025859   0.17632964  -0.20695452 
 -0.00330659   0.00345702  -0.28551453   0.11381774  -0.35226018   0.27858465   0.01046122   0.04992448   0.17043441  -0.73797274  -0.35714690 
 -0.00471605   0.00576316  -0.46733331   0.15200042   0.26500584  -0.04254869   0.11832998  -0.35150850  -0.39495085  -0.31407998   0.54241026 
 -0.00343284   0.00241880  -0.27191339   0.01369084  -0.41894996   0.36413804   0.03927750  -0.58513291  -0.10366336   0.47521211  -0.19299370 
 -0.00264025   0.00172501  -0.21943458  -0.15567124  -0.45862475  -0.19439242   0.40383879   0.16321158   0.48756935   0.09747612   0.49247401 
 -0.00414333   0.00408389  -0.40355939  -0.19983003   0.18654623  -0.15800520   0.57529004   0.31288741  -0.29559561   0.15294294  -0.44472837 
 -0.00109989  -0.00103892  -0.10057867  -0.46806082  -0.33445527  -0.62751985  -0.38690301  -0.16433081  -0.24295703  -0.12788582  -0.11435806 
 -0.00246224   0.00133151  -0.25540126  -0.71639995   0.30907337   0.45078563  -0.25537991   0.07362928   0.19781226   0.00279886   0.11411286 
  0.69820103  -0.71573482  -0.01530171   0.00210880   0.00016914   0.00049739   0.00022449   0.00019861   0.00019185  -0.00008198   0.00002898 
  0.71582319   0.69827756   0.00015586  -0.00194782  -0.00122314  -0.00018424  -0.00002577  -0.00041623  -0.00011135   0.00023222  -0.00014291 
